178 1 23 201
70 1 118 188
178 0 23 155
70 0 118 -48
117 1 30 147
381 1 231 612
117 0 30 87
381 0 231 150
57 1 74 131
128 1 184 312
57 0 74 -17
128 0 184 -56
223 1 94 317
47 1 117 164
223 0 94 129
47 0 117 -70
349 1 73 422
361 1 51 412
349 0 73 276
361 0 51 310
242 1 28 270
378 1 400 778
242 0 28 214
378 0 400 -22
40 1 250 290
191 1 375 566
40 0 250 -210
191 0 375 -184
290 1 197 487
162 1 376 538
290 0 197 93
162 0 376 -214
340 1 103 443
219 1 196 415
340 0 103 237
219 0 196 23
250 1 38 288
364 1 66 430
250 0 38 212
364 0 66 298
263 1 256 519
382 1 27 409
263 0 256 7
382 0 27 355
219 1 52 271
12 1 135 147
219 0 52 167
12 0 135 -123
129 1 283 412
114 1 358 472
129 0 283 -154
114 0 358 -244
277 1 267 544
293 1 289 582
277 0 267 10
293 0 289 4
200 1 376 576
80 1 144 224
200 0 376 -176
80 0 144 -64
320 1 90 410
332 1 24 356
320 0 90 230
332 0 24 308
58 1 121 179
239 1 283 522
58 0 121 -63
239 0 283 -44
369 1 159 528
124 1 218 342
369 0 159 210
124 0 218 -94
185 1 74 259
295 1 284 579
185 0 74 111
295 0 284 11
196 1 193 389
189 1 289 478
196 0 193 3
189 0 289 -100
226 1 345 571
64 1 374 438
226 0 345 -119
64 0 374 -310
132 1 302 434
84 1 284 368
132 0 302 -170
84 0 284 -200
44 1 148 192
397 1 321 718
44 0 148 -104
397 0 321 76
249 1 78 327
47 1 344 391
249 0 78 171
47 0 344 -297
166 1 219 385
85 1 75 160
166 0 219 -53
85 0 75 10
4 1 398 402
69 1 164 233
4 0 398 -394
69 0 164 -95
33 1 347 380
345 1 390 735
33 0 347 -314
345 0 390 -45
142 1 45 187
138 1 345 483
142 0 45 97
138 0 345 -207
372 1 51 423
28 1 388 416
372 0 51 321
28 0 388 -360
110 1 65 175
164 1 224 388
110 0 65 45
164 0 224 -60
165 1 222 387
55 1 23 78
165 0 222 -57
55 0 23 32
215 1 82 297
100 1 67 167
215 0 82 133
100 0 67 33
4 1 7 11
87 1 123 210
4 0 7 -3
87 0 123 -36
203 1 25 228
112 1 260 372
203 0 25 178
112 0 260 -148
57 1 147 204
57 1 114 171
57 0 147 -90
57 0 114 -57
103 1 240 343
172 1 92 264
103 0 240 -137
172 0 92 80
357 1 219 576
0 1 97 97
357 0 219 138
0 0 97 -97
312 1 38 350
399 1 262 661
312 0 38 274
399 0 262 137
343 1 68 411
313 1 98 411
343 0 68 275
313 0 98 215
278 1 43 321
116 1 237 353
278 0 43 235
116 0 237 -121
343 1 369 712
67 1 53 120
343 0 369 -26
67 0 53 14
100 1 388 488
346 1 12 358
100 0 388 -288
346 0 12 334
85 1 349 434
285 1 65 350
85 0 349 -264
285 0 65 220
283 1 133 416
70 1 391 461
283 0 133 150
70 0 391 -321
360 1 229 589
222 1 233 455
360 0 229 131
222 0 233 -11
151 1 379 530
19 1 379 398
151 0 379 -228
19 0 379 -360
120 1 361 481
259 1 169 428
120 0 361 -241
259 0 169 90
306 1 319 625
368 1 243 611
306 0 319 -13
368 0 243 125
366 1 230 596
383 1 152 535
366 0 230 136
383 0 152 231
95 1 289 384
68 1 234 302
95 0 289 -194
68 0 234 -166
102 1 98 200
89 1 215 304
102 0 98 4
89 0 215 -126
0 1 284 284
56 1 65 121
0 0 284 -284
56 0 65 -9
190 1 37 227
287 1 119 406
190 0 37 153
287 0 119 168
381 1 119 500
96 1 170 266
381 0 119 262
96 0 170 -74
334 1 179 513
74 1 88 162
334 0 179 155
74 0 88 -14
237 1 9 246
279 1 377 656
237 0 9 228
279 0 377 -98
154 1 187 341
294 1 162 456
154 0 187 -33
294 0 162 132
18 1 10 28
336 1 135 471
18 0 10 8
336 0 135 201
23 1 387 410
235 1 96 331
23 0 387 -364
235 0 96 139
349 1 119 468
242 1 73 315
349 0 119 230
242 0 73 169
145 1 55 200
153 1 397 550
145 0 55 90
153 0 397 -244
352 1 359 711
47 1 360 407
352 0 359 -7
47 0 360 -313
196 1 230 426
174 1 126 300
196 0 230 -34
174 0 126 48
68 1 222 290
218 1 54 272
68 0 222 -154
218 0 54 164
189 1 287 476
350 1 166 516
189 0 287 -98
350 0 166 184
246 1 78 324
207 1 310 517
246 0 78 168
207 0 310 -103
310 1 92 402
267 1 329 596
310 0 92 218
267 0 329 -62
198 1 140 338
368 1 364 732
198 0 140 58
368 0 364 4
84 1 104 188
338 1 350 688
84 0 104 -20
338 0 350 -12
34 1 283 317
49 1 232 281
34 0 283 -249
49 0 232 -183
260 1 302 562
94 1 237 331
260 0 302 -42
94 0 237 -143
347 1 399 746
272 1 176 448
347 0 399 -52
272 0 176 96
32 1 160 192
40 1 399 439
32 0 160 -128
40 0 399 -359
140 1 306 446
28 1 141 169
140 0 306 -166
28 0 141 -113
98 1 273 371
300 1 243 543
98 0 273 -175
300 0 243 57
164 1 91 255
199 1 39 238
164 0 91 73
199 0 39 160
301 1 149 450
169 1 176 345
301 0 149 152
169 0 176 -7
175 1 114 289
346 1 394 740
175 0 114 61
346 0 394 -48
279 1 332 611
362 1 62 424
279 0 332 -53
362 0 62 300
130 1 237 367
91 1 308 399
130 0 237 -107
91 0 308 -217
9 1 241 250
120 1 324 444
9 0 241 -232
120 0 324 -204
340 1 325 665
236 1 317 553
340 0 325 15
236 0 317 -81
90 1 311 401
214 1 7 221
90 0 311 -221
214 0 7 207
375 1 49 424
238 1 357 595
375 0 49 326
238 0 357 -119
103 1 102 205
155 1 326 481
103 0 102 1
155 0 326 -171
229 1 89 318
106 1 360 466
229 0 89 140
106 0 360 -254
78 1 281 359
119 1 270 389
78 0 281 -203
119 0 270 -151
189 1 94 283
288 1 250 538
189 0 94 95
288 0 250 38
59 1 12 71
178 1 51 229
59 0 12 47
178 0 51 127
229 1 68 297
310 1 193 503
229 0 68 161
310 0 193 117
236 1 267 503
53 1 229 282
236 0 267 -31
53 0 229 -176
262 1 159 421
388 1 192 580
262 0 159 103
388 0 192 196
128 1 217 345
395 1 365 760
128 0 217 -89
395 0 365 30
240 1 53 293
381 1 45 426
240 0 53 187
381 0 45 336
8 1 164 172
77 1 283 360
8 0 164 -156
77 0 283 -206
326 1 48 374
251 1 117 368
326 0 48 278
251 0 117 134
331 1 210 541
61 1 236 297
331 0 210 121
61 0 236 -175
31 1 235 266
374 1 252 626
31 0 235 -204
374 0 252 122
186 1 362 548
120 1 254 374
186 0 362 -176
120 0 254 -134
221 1 328 549
11 1 213 224
221 0 328 -107
11 0 213 -202
216 1 112 328
392 1 118 510
216 0 112 104
392 0 118 274
136 1 68 204
257 1 253 510
136 0 68 68
257 0 253 4
257 1 18 275
3 1 287 290
257 0 18 239
3 0 287 -284
378 1 352 730
239 1 322 561
378 0 352 26
239 0 322 -83
384 1 376 760
386 1 91 477
384 0 376 8
386 0 91 295
277 1 363 640
297 1 186 483
277 0 363 -86
297 0 186 111
340 1 63 403
373 1 400 773
340 0 63 277
373 0 400 -27
207 1 352 559
72 1 279 351
207 0 352 -145
72 0 279 -207
1 1 172 173
20 1 183 203
1 0 172 -171
20 0 183 -163
64 1 339 403
194 1 296 490
64 0 339 -275
194 0 296 -102
185 1 64 249
385 1 219 604
185 0 64 121
385 0 219 166
197 1 142 339
260 1 45 305
197 0 142 55
260 0 45 215
333 1 287 620
396 1 363 759
333 0 287 46
396 0 363 33
308 1 242 550
3 1 47 50
308 0 242 66
3 0 47 -44
129 1 169 298
29 1 64 93
129 0 169 -40
29 0 64 -35
321 1 332 653
133 1 313 446
321 0 332 -11
133 0 313 -180
304 1 5 309
263 1 36 299
304 0 5 299
263 0 36 227
187 1 323 510
76 1 128 204
187 0 323 -136
76 0 128 -52
224 1 319 543
280 1 143 423
224 0 319 -95
280 0 143 137
318 1 283 601
139 1 23 162
318 0 283 35
139 0 23 116
179 1 226 405
140 1 348 488
179 0 226 -47
140 0 348 -208
183 1 342 525
267 1 57 324
183 0 342 -159
267 0 57 210
279 1 350 629
174 1 128 302
279 0 350 -71
174 0 128 46
271 1 337 608
139 1 115 254
271 0 337 -66
139 0 115 24
55 1 137 192
163 1 274 437
55 0 137 -82
163 0 274 -111
386 1 136 522
17 1 174 191
386 0 136 250
17 0 174 -157
144 1 136 280
13 1 205 218
144 0 136 8
13 0 205 -192
116 1 254 370
199 1 26 225
116 0 254 -138
199 0 26 173
384 1 8 392
115 1 236 351
384 0 8 376
115 0 236 -121
328 1 245 573
67 1 36 103
328 0 245 83
67 0 36 31
145 1 154 299
269 1 128 397
145 0 154 -9
269 0 128 141
6 1 34 40
314 1 288 602
6 0 34 -28
314 0 288 26
380 1 11 391
12 1 235 247
380 0 11 369
12 0 235 -223
201 1 297 498
255 1 105 360
201 0 297 -96
255 0 105 150
71 1 299 370
244 1 382 626
71 0 299 -228
244 0 382 -138
147 1 280 427
367 1 353 720
147 0 280 -133
367 0 353 14
122 1 144 266
154 1 381 535
122 0 144 -22
154 0 381 -227
322 1 147 469
146 1 394 540
322 0 147 175
146 0 394 -248
288 1 42 330
67 1 169 236
288 0 42 246
67 0 169 -102
246 1 190 436
390 1 314 704
246 0 190 56
390 0 314 76
288 1 129 417
353 1 204 557
288 0 129 159
353 0 204 149
198 1 249 447
97 1 155 252
198 0 249 -51
97 0 155 -58
55 1 77 132
203 1 316 519
55 0 77 -22
203 0 316 -113
178 1 52 230
301 1 274 575
178 0 52 126
301 0 274 27
320 1 398 718
66 1 331 397
320 0 398 -78
66 0 331 -265
256 1 209 465
156 1 3 159
256 0 209 47
156 0 3 153
385 1 41 426
219 1 13 232
385 0 41 344
219 0 13 206
309 1 201 510
327 1 139 466
309 0 201 108
327 0 139 188
120 1 351 471
132 1 154 286
120 0 351 -231
132 0 154 -22
149 1 361 510
234 1 173 407
149 0 361 -212
234 0 173 61
188 1 381 569
167 1 386 553
188 0 381 -193
167 0 386 -219
61 1 312 373
251 1 392 643
61 0 312 -251
251 0 392 -141
36 1 388 424
347 1 168 515
36 0 388 -352
347 0 168 179
198 1 387 585
204 1 336 540
198 0 387 -189
204 0 336 -132
116 1 281 397
102 1 303 405
116 0 281 -165
102 0 303 -201
184 1 330 514
9 1 104 113
184 0 330 -146
9 0 104 -95
156 1 322 478
199 1 258 457
156 0 322 -166
199 0 258 -59
155 1 77 232
57 1 104 161
155 0 77 78
57 0 104 -47
390 1 208 598
268 1 127 395
390 0 208 182
268 0 127 141
232 1 33 265
400 1 40 440
232 0 33 199
400 0 40 360
284 1 79 363
396 1 149 545
284 0 79 205
396 0 149 247
278 1 381 659
211 1 290 501
278 0 381 -103
211 0 290 -79
140 1 272 412
29 1 279 308
140 0 272 -132
29 0 279 -250
77 1 213 290
192 1 300 492
77 0 213 -136
192 0 300 -108
41 1 172 213
344 1 57 401
41 0 172 -131
344 0 57 287
3 1 128 131
251 1 375 626
3 0 128 -125
251 0 375 -124
135 1 248 383
348 1 135 483
135 0 248 -113
348 0 135 213
120 1 101 221
76 1 223 299
120 0 101 19
76 0 223 -147
317 1 352 669
176 1 400 576
317 0 352 -35
176 0 400 -224
258 1 341 599
312 1 248 560
258 0 341 -83
312 0 248 64
58 1 24 82
84 1 155 239
58 0 24 34
84 0 155 -71
240 1 20 260
194 1 115 309
240 0 20 220
194 0 115 79
64 1 55 119
200 1 58 258
64 0 55 9
200 0 58 142
141 1 87 228
195 1 115 310
141 0 87 54
195 0 115 80
171 1 79 250
77 1 331 408
171 0 79 92
77 0 331 -254
151 1 288 439
314 1 282 596
151 0 288 -137
314 0 282 32
218 1 63 281
374 1 1 375
218 0 63 155
374 0 1 373
37 1 210 247
62 1 287 349
37 0 210 -173
62 0 287 -225
197 1 82 279
150 1 18 168
197 0 82 115
150 0 18 132
244 1 9 253
348 1 386 734
244 0 9 235
348 0 386 -38
190 1 306 496
227 1 383 610
190 0 306 -116
227 0 383 -156
87 1 135 222
4 1 375 379
87 0 135 -48
4 0 375 -371
55 1 45 100
297 1 343 640
55 0 45 10
297 0 343 -46
15 1 114 129
364 1 151 515
15 0 114 -99
364 0 151 213
213 1 264 477
3 1 274 277
213 0 264 -51
3 0 274 -271
201 1 223 424
189 1 317 506
201 0 223 -22
189 0 317 -128
272 1 235 507
197 1 104 301
272 0 235 37
197 0 104 93
188 1 309 497
369 1 140 509
188 0 309 -121
369 0 140 229
132 1 228 360
286 1 275 561
132 0 228 -96
286 0 275 11
167 1 265 432
165 1 310 475
167 0 265 -98
165 0 310 -145
159 1 242 401
379 1 214 593
159 0 242 -83
379 0 214 165
60 1 107 167
347 1 193 540
60 0 107 -47
347 0 193 154
230 1 361 591
320 1 338 658
230 0 361 -131
320 0 338 -18
159 1 96 255
54 1 374 428
159 0 96 63
54 0 374 -320
19 1 50 69
86 1 288 374
19 0 50 -31
86 0 288 -202
316 1 226 542
91 1 278 369
316 0 226 90
91 0 278 -187
23 1 244 267
191 1 97 288
23 0 244 -221
191 0 97 94
63 1 285 348
334 1 135 469
63 0 285 -222
334 0 135 199
239 1 360 599
73 1 136 209
239 0 360 -121
73 0 136 -63
161 1 166 327
253 1 210 463
161 0 166 -5
253 0 210 43
308 1 66 374
380 1 58 438
308 0 66 242
380 0 58 322
180 1 140 320
138 1 326 464
180 0 140 40
138 0 326 -188
257 1 338 595
339 1 127 466
257 0 338 -81
339 0 127 212
208 1 276 484
400 1 169 569
208 0 276 -68
400 0 169 231
29 1 87 116
35 1 200 235
29 0 87 -58
35 0 200 -165
347 1 340 687
76 1 203 279
347 0 340 7
76 0 203 -127
31 1 53 84
362 1 105 467
31 0 53 -22
362 0 105 257
162 1 102 264
352 1 87 439
162 0 102 60
352 0 87 265
49 1 297 346
112 1 51 163
49 0 297 -248
112 0 51 61
201 1 96 297
38 1 33 71
201 0 96 105
38 0 33 5
73 1 34 107
242 1 289 531
73 0 34 39
242 0 289 -47
171 1 88 259
325 1 338 663
171 0 88 83
325 0 338 -13
25 1 392 417
218 1 266 484
25 0 392 -367
218 0 266 -48
379 1 263 642
29 1 157 186
379 0 263 116
29 0 157 -128
64 1 236 300
226 1 83 309
64 0 236 -172
226 0 83 143
150 1 52 202
351 1 218 569
150 0 52 98
351 0 218 133
80 1 280 360
159 1 189 348
80 0 280 -200
159 0 189 -30
287 1 184 471
67 1 198 265
287 0 184 103
67 0 198 -131
249 1 107 356
142 1 245 387
249 0 107 142
142 0 245 -103
161 1 348 509
144 1 135 279
161 0 348 -187
144 0 135 9
162 1 70 232
349 1 134 483
162 0 70 92
349 0 134 215
166 1 127 293
93 1 91 184
166 0 127 39
93 0 91 2
319 1 223 542
18 1 20 38
319 0 223 96
18 0 20 -2
63 1 194 257
28 1 370 398
63 0 194 -131
28 0 370 -342
44 1 351 395
333 1 357 690
44 0 351 -307
333 0 357 -24
226 1 336 562
43 1 245 288
226 0 336 -110
43 0 245 -202
252 1 399 651
242 1 99 341
252 0 399 -147
242 0 99 143
142 1 152 294
86 1 32 118
142 0 152 -10
86 0 32 54
185 1 63 248
97 1 243 340
185 0 63 122
97 0 243 -146
147 1 268 415
234 1 328 562
147 0 268 -121
234 0 328 -94
92 1 206 298
137 1 287 424
92 0 206 -114
137 0 287 -150
301 1 71 372
302 1 272 574
301 0 71 230
302 0 272 30
165 1 379 544
3 1 147 150
165 0 379 -214
3 0 147 -144
240 1 111 351
53 1 22 75
240 0 111 129
53 0 22 31
72 1 61 133
160 1 10 170
72 0 61 11
160 0 10 150
130 1 393 523
317 1 384 701
130 0 393 -263
317 0 384 -67
173 1 79 252
277 1 114 391
173 0 79 94
277 0 114 163
116 1 297 413
99 1 303 402
116 0 297 -181
99 0 303 -204
228 1 275 503
329 1 0 329
228 0 275 -47
329 0 0 329
356 1 174 530
353 1 279 632
356 0 174 182
353 0 279 74
360 1 200 560
118 1 250 368
360 0 200 160
118 0 250 -132
242 1 132 374
269 1 97 366
242 0 132 110
269 0 97 172
124 1 79 203
133 1 379 512
124 0 79 45
133 0 379 -246
231 1 295 526
361 1 201 562
231 0 295 -64
361 0 201 160
88 1 305 393
100 1 279 379
88 0 305 -217
100 0 279 -179
46 1 257 303
216 1 169 385
46 0 257 -211
216 0 169 47
82 1 142 224
209 1 151 360
82 0 142 -60
209 0 151 58
119 1 351 470
68 1 260 328
119 0 351 -232
68 0 260 -192
327 1 185 512
263 1 239 502
327 0 185 142
263 0 239 24
349 1 256 605
389 1 59 448
349 0 256 93
389 0 59 330
87 1 388 475
212 1 146 358
87 0 388 -301
212 0 146 66
184 1 67 251
222 1 147 369
184 0 67 117
222 0 147 75
325 1 288 613
24 1 299 323
325 0 288 37
24 0 299 -275
96 1 191 287
379 1 400 779
96 0 191 -95
379 0 400 -21
91 1 283 374
235 1 95 330
91 0 283 -192
235 0 95 140
102 1 79 181
304 1 363 667
102 0 79 23
304 0 363 -59
391 1 252 643
246 1 81 327
391 0 252 139
246 0 81 165
396 1 135 531
14 1 301 315
396 0 135 261
14 0 301 -287
120 1 20 140
204 1 293 497
120 0 20 100
204 0 293 -89
232 1 132 364
231 1 46 277
232 0 132 100
231 0 46 185
293 1 391 684
52 1 79 131
293 0 391 -98
52 0 79 -27
24 1 57 81
129 1 97 226
24 0 57 -33
129 0 97 32
107 1 380 487
339 1 393 732
107 0 380 -273
339 0 393 -54
217 1 226 443
316 1 137 453
217 0 226 -9
316 0 137 179
302 1 124 426
82 1 357 439
302 0 124 178
82 0 357 -275
397 1 136 533
54 1 271 325
397 0 136 261
54 0 271 -217
265 1 302 567
331 1 146 477
265 0 302 -37
331 0 146 185
167 1 248 415
297 1 172 469
167 0 248 -81
297 0 172 125
220 1 156 376
366 1 68 434
220 0 156 64
366 0 68 298
238 1 144 382
98 1 48 146
238 0 144 94
98 0 48 50
49 1 310 359
257 1 278 535
49 0 310 -261
257 0 278 -21
100 1 396 496
335 1 337 672
100 0 396 -296
335 0 337 -2
3 1 186 189
302 1 399 701
3 0 186 -183
302 0 399 -97
104 1 86 190
21 1 302 323
104 0 86 18
21 0 302 -281
369 1 220 589
227 1 223 450
369 0 220 149
227 0 223 4
99 1 243 342
12 1 189 201
99 0 243 -144
12 0 189 -177
371 1 397 768
29 1 171 200
371 0 397 -26
29 0 171 -142
188 1 207 395
48 1 147 195
188 0 207 -19
48 0 147 -99
90 1 247 337
22 1 181 203
90 0 247 -157
22 0 181 -159
262 1 90 352
320 1 92 412
262 0 90 172
320 0 92 228
309 1 382 691
71 1 82 153
309 0 382 -73
71 0 82 -11
89 1 102 191
225 1 88 313
89 0 102 -13
225 0 88 137
144 1 69 213
72 1 51 123
144 0 69 75
72 0 51 21
10 1 319 329
326 1 85 411
10 0 319 -309
326 0 85 241
225 1 94 319
108 1 74 182
225 0 94 131
108 0 74 34
97 1 102 199
120 1 288 408
97 0 102 -5
120 0 288 -168
298 1 117 415
84 1 180 264
298 0 117 181
84 0 180 -96
314 1 298 612
321 1 49 370
314 0 298 16
321 0 49 272
135 1 140 275
122 1 256 378
135 0 140 -5
122 0 256 -134
229 1 172 401
7 1 263 270
229 0 172 57
7 0 263 -256
400 1 276 676
345 1 399 744
400 0 276 124
345 0 399 -54
76 1 164 240
115 1 121 236
76 0 164 -88
115 0 121 -6
217 1 324 541
224 1 131 355
217 0 324 -107
224 0 131 93
83 1 396 479
241 1 333 574
83 0 396 -313
241 0 333 -92
357 1 128 485
116 1 242 358
357 0 128 229
116 0 242 -126
289 1 69 358
367 1 237 604
289 0 69 220
367 0 237 130
3 1 248 251
81 1 175 256
3 0 248 -245
81 0 175 -94
36 1 333 369
354 1 135 489
36 0 333 -297
354 0 135 219
37 1 76 113
107 1 303 410
37 0 76 -39
107 0 303 -196
87 1 51 138
33 1 103 136
87 0 51 36
33 0 103 -70
325 1 23 348
336 1 198 534
325 0 23 302
336 0 198 138
33 1 142 175
242 1 278 520
33 0 142 -109
242 0 278 -36
349 1 236 585
355 1 79 434
349 0 236 113
355 0 79 276
92 1 346 438
191 1 319 510
92 0 346 -254
191 0 319 -128
90 1 356 446
377 1 43 420
90 0 356 -266
377 0 43 334
149 1 14 163
206 1 65 271
149 0 14 135
206 0 65 141
28 1 292 320
142 1 198 340
28 0 292 -264
142 0 198 -56
30 1 134 164
18 1 189 207
30 0 134 -104
18 0 189 -171
125 1 327 452
20 1 375 395
125 0 327 -202
20 0 375 -355
396 1 259 655
213 1 111 324
396 0 259 137
213 0 111 102
344 1 379 723
319 1 45 364
344 0 379 -35
319 0 45 274
389 1 74 463
260 1 314 574
389 0 74 315
260 0 314 -54
194 1 144 338
156 1 164 320
194 0 144 50
156 0 164 -8
390 1 191 581
20 1 181 201
390 0 191 199
20 0 181 -161
27 1 381 408
393 1 324 717
27 0 381 -354
393 0 324 69
114 1 72 186
391 1 52 443
114 0 72 42
391 0 52 339
392 1 153 545
34 1 384 418
392 0 153 239
34 0 384 -350
111 1 296 407
263 1 335 598
111 0 296 -185
263 0 335 -72
72 1 78 150
296 1 248 544
72 0 78 -6
296 0 248 48
257 1 340 597
133 1 305 438
257 0 340 -83
133 0 305 -172
344 1 270 614
195 1 397 592
344 0 270 74
195 0 397 -202
208 1 108 316
151 1 203 354
208 0 108 100
151 0 203 -52
181 1 184 365
379 1 87 466
181 0 184 -3
379 0 87 292
329 1 202 531
211 1 89 300
329 0 202 127
211 0 89 122
197 1 169 366
23 1 110 133
197 0 169 28
23 0 110 -87
102 1 55 157
175 1 119 294
102 0 55 47
175 0 119 56
42 1 166 208
309 1 251 560
42 0 166 -124
309 0 251 58
394 1 87 481
242 1 374 616
394 0 87 307
242 0 374 -132
90 1 323 413
124 1 339 463
90 0 323 -233
124 0 339 -215
154 1 297 451
352 1 398 750
154 0 297 -143
352 0 398 -46
274 1 113 387
152 1 371 523
274 0 113 161
152 0 371 -219
227 1 304 531
314 1 295 609
227 0 304 -77
314 0 295 19
13 1 159 172
134 1 22 156
13 0 159 -146
134 0 22 112
279 1 391 670
373 1 60 433
279 0 391 -112
373 0 60 313
252 1 352 604
371 1 60 431
252 0 352 -100
371 0 60 311
107 1 195 302
233 1 223 456
107 0 195 -88
233 0 223 10
314 1 290 604
172 1 223 395
314 0 290 24
172 0 223 -51
359 1 277 636
196 1 364 560
359 0 277 82
196 0 364 -168
291 1 349 640
88 1 231 319
291 0 349 -58
88 0 231 -143
248 1 84 332
265 1 191 456
248 0 84 164
265 0 191 74
399 1 217 616
44 1 312 356
399 0 217 182
44 0 312 -268
142 1 145 287
261 1 147 408
142 0 145 -3
261 0 147 114
302 1 199 501
119 1 356 475
302 0 199 103
119 0 356 -237
5 1 169 174
259 1 79 338
5 0 169 -164
259 0 79 180
56 1 4 60
326 1 73 399
56 0 4 52
326 0 73 253
142 1 22 164
235 1 324 559
142 0 22 120
235 0 324 -89
47 1 48 95
211 1 97 308
47 0 48 -1
211 0 97 114
46 1 336 382
295 1 208 503
46 0 336 -290
295 0 208 87
77 1 315 392
123 1 288 411
77 0 315 -238
123 0 288 -165
77 1 106 183
351 1 306 657
77 0 106 -29
351 0 306 45
330 1 173 503
98 1 244 342
330 0 173 157
98 0 244 -146
333 1 114 447
123 1 94 217
333 0 114 219
123 0 94 29
143 1 367 510
43 1 193 236
143 0 367 -224
43 0 193 -150
165 1 318 483
349 1 223 572
165 0 318 -153
349 0 223 126
290 1 102 392
163 1 216 379
290 0 102 188
163 0 216 -53
185 1 284 469
89 1 304 393
185 0 284 -99
89 0 304 -215
110 1 103 213
34 1 19 53
110 0 103 7
34 0 19 15
252 1 332 584
243 1 391 634
252 0 332 -80
243 0 391 -148
117 1 372 489
316 1 333 649
117 0 372 -255
316 0 333 -17
302 1 0 302
243 1 196 439
302 0 0 302
243 0 196 47
365 1 42 407
346 1 95 441
365 0 42 323
346 0 95 251
9 1 253 262
314 1 208 522
9 0 253 -244
314 0 208 106
221 1 260 481
9 1 356 365
221 0 260 -39
9 0 356 -347
176 1 311 487
294 1 382 676
176 0 311 -135
294 0 382 -88
30 1 232 262
252 1 110 362
30 0 232 -202
252 0 110 142
35 1 197 232
151 1 33 184
35 0 197 -162
151 0 33 118
137 1 377 514
32 1 139 171
137 0 377 -240
32 0 139 -107
12 1 226 238
87 1 340 427
12 0 226 -214
87 0 340 -253
276 1 152 428
300 1 324 624
276 0 152 124
300 0 324 -24
9 1 159 168
364 1 91 455
9 0 159 -150
364 0 91 273
376 1 290 666
399 1 311 710
376 0 290 86
399 0 311 88
234 1 33 267
313 1 48 361
234 0 33 201
313 0 48 265
116 1 132 248
30 1 58 88
116 0 132 -16
30 0 58 -28
105 1 388 493
386 1 354 740
105 0 388 -283
386 0 354 32
141 1 143 284
185 1 140 325
141 0 143 -2
185 0 140 45
5 1 0 5
59 1 6 65
5 0 0 5
59 0 6 53
195 1 335 530
333 1 267 600
195 0 335 -140
333 0 267 66
313 1 151 464
279 1 217 496
313 0 151 162
279 0 217 62
365 1 288 653
392 1 59 451
365 0 288 77
392 0 59 333
289 1 393 682
353 1 278 631
289 0 393 -104
353 0 278 75
63 1 339 402
282 1 91 373
63 0 339 -276
282 0 91 191
115 1 115 230
106 1 366 472
115 0 115 0
106 0 366 -260
199 1 122 321
45 1 365 410
199 0 122 77
45 0 365 -320
252 1 355 607
163 1 325 488
252 0 355 -103
163 0 325 -162
129 1 175 304
70 1 204 274
129 0 175 -46
70 0 204 -134
1 1 384 385
85 1 89 174
1 0 384 -383
85 0 89 -4
302 1 130 432
180 1 263 443
302 0 130 172
180 0 263 -83
89 1 38 127
23 1 242 265
89 0 38 51
23 0 242 -219
297 1 149 446
78 1 346 424
297 0 149 148
78 0 346 -268
181 1 317 498
108 1 9 117
181 0 317 -136
108 0 9 99
400 1 106 506
345 1 60 405
400 0 106 294
345 0 60 285
11 1 359 370
140 1 260 400
11 0 359 -348
140 0 260 -120
27 1 334 361
129 1 311 440
27 0 334 -307
129 0 311 -182
398 1 66 464
185 1 117 302
398 0 66 332
185 0 117 68
316 1 271 587
198 1 308 506
316 0 271 45
198 0 308 -110
323 1 390 713
342 1 76 418
323 0 390 -67
342 0 76 266
211 1 396 607
344 1 35 379
211 0 396 -185
344 0 35 309
258 1 210 468
182 1 119 301
258 0 210 48
182 0 119 63
218 1 236 454
389 1 23 412
218 0 236 -18
389 0 23 366
7 1 233 240
61 1 352 413
7 0 233 -226
61 0 352 -291
183 1 12 195
177 1 89 266
183 0 12 171
177 0 89 88
265 1 396 661
362 1 382 744
265 0 396 -131
362 0 382 -20
217 1 143 360
308 1 61 369
217 0 143 74
308 0 61 247
127 1 39 166
140 1 222 362
127 0 39 88
140 0 222 -82
61 1 160 221
24 1 389 413
61 0 160 -99
24 0 389 -365
270 1 197 467
240 1 1 241
270 0 197 73
240 0 1 239
79 1 79 158
138 1 183 321
79 0 79 0
138 0 183 -45
391 1 273 664
302 1 337 639
391 0 273 118
302 0 337 -35
341 1 310 651
156 1 88 244
341 0 310 31
156 0 88 68
219 1 212 431
97 1 365 462
219 0 212 7
97 0 365 -268
237 1 134 371
13 1 334 347
237 0 134 103
13 0 334 -321
398 1 339 737
243 1 275 518
398 0 339 59
243 0 275 -32
124 1 286 410
159 1 126 285
124 0 286 -162
159 0 126 33
160 1 326 486
191 1 63 254
160 0 326 -166
191 0 63 128
203 1 4 207
329 1 245 574
203 0 4 199
329 0 245 84
139 1 357 496
349 1 216 565
139 0 357 -218
349 0 216 133
144 1 235 379
8 1 342 350
144 0 235 -91
8 0 342 -334
394 1 255 649
220 1 112 332
394 0 255 139
220 0 112 108
328 1 373 701
347 1 397 744
328 0 373 -45
347 0 397 -50
1 1 400 401
85 1 240 325
1 0 400 -399
85 0 240 -155
76 1 176 252
22 1 306 328
76 0 176 -100
22 0 306 -284
138 1 233 371
285 1 58 343
138 0 233 -95
285 0 58 227
147 1 163 310
161 1 19 180
147 0 163 -16
161 0 19 142
320 1 221 541
9 1 181 190
320 0 221 99
9 0 181 -172
234 1 383 617
300 1 26 326
234 0 383 -149
300 0 26 274
318 1 167 485
279 1 294 573
318 0 167 151
279 0 294 -15
271 1 35 306
169 1 41 210
271 0 35 236
169 0 41 128
250 1 80 330
99 1 77 176
250 0 80 170
99 0 77 22
204 1 177 381
321 1 366 687
204 0 177 27
321 0 366 -45
192 1 15 207
102 1 36 138
192 0 15 177
102 0 36 66
269 1 31 300
143 1 212 355
269 0 31 238
143 0 212 -69
283 1 62 345
156 1 110 266
283 0 62 221
156 0 110 46
42 1 193 235
31 1 262 293
42 0 193 -151
31 0 262 -231
6 1 213 219
170 1 65 235
6 0 213 -207
170 0 65 105
257 1 102 359
48 1 219 267
257 0 102 155
48 0 219 -171
135 1 367 502
172 1 95 267
135 0 367 -232
172 0 95 77
88 1 234 322
189 1 173 362
88 0 234 -146
189 0 173 16
298 1 142 440
259 1 169 428
298 0 142 156
259 0 169 90
235 1 282 517
64 1 48 112
235 0 282 -47
64 0 48 16
320 1 16 336
66 1 262 328
320 0 16 304
66 0 262 -196
346 1 392 738
220 1 27 247
346 0 392 -46
220 0 27 193
102 1 75 177
46 1 319 365
102 0 75 27
46 0 319 -273
242 1 371 613
177 1 300 477
242 0 371 -129
177 0 300 -123
204 1 51 255
41 1 143 184
204 0 51 153
41 0 143 -102
284 1 382 666
397 1 394 791
284 0 382 -98
397 0 394 3
12 1 90 102
210 1 359 569
12 0 90 -78
210 0 359 -149
205 1 121 326
371 1 109 480
205 0 121 84
371 0 109 262
136 1 79 215
180 1 17 197
136 0 79 57
180 0 17 163
98 1 318 416
54 1 318 372
98 0 318 -220
54 0 318 -264
151 1 100 251
199 1 101 300
151 0 100 51
199 0 101 98
81 1 54 135
24 1 139 163
81 0 54 27
24 0 139 -115
359 1 57 416
260 1 184 444
359 0 57 302
260 0 184 76
129 1 399 528
235 1 230 465
129 0 399 -270
235 0 230 5
68 1 198 266
306 1 256 562
68 0 198 -130
306 0 256 50
269 1 115 384
249 1 115 364
269 0 115 154
249 0 115 134
315 1 81 396
354 1 36 390
315 0 81 234
354 0 36 318
51 1 119 170
60 1 186 246
51 0 119 -68
60 0 186 -126
111 1 67 178
28 1 268 296
111 0 67 44
28 0 268 -240
354 1 83 437
308 1 169 477
354 0 83 271
308 0 169 139
161 1 99 260
74 1 81 155
161 0 99 62
74 0 81 -7
377 1 288 665
72 1 7 79
377 0 288 89
72 0 7 65
251 1 33 284
31 1 182 213
251 0 33 218
31 0 182 -151
174 1 175 349
276 1 35 311
174 0 175 -1
276 0 35 241
7 1 1 8
279 1 376 655
7 0 1 6
279 0 376 -97
74 1 240 314
239 1 345 584
74 0 240 -166
239 0 345 -106
153 1 387 540
50 1 375 425
153 0 387 -234
50 0 375 -325
42 1 65 107
275 1 147 422
42 0 65 -23
275 0 147 128
347 1 148 495
68 1 272 340
347 0 148 199
68 0 272 -204
94 1 102 196
304 1 292 596
94 0 102 -8
304 0 292 12
147 1 300 447
190 1 199 389
147 0 300 -153
190 0 199 -9
351 1 128 479
120 1 138 258
351 0 128 223
120 0 138 -18
68 1 371 439
283 1 157 440
68 0 371 -303
283 0 157 126
279 1 358 637
213 1 76 289
279 0 358 -79
213 0 76 137
37 1 101 138
254 1 132 386
37 0 101 -64
254 0 132 122
9 1 38 47
270 1 268 538
9 0 38 -29
270 0 268 2
320 1 42 362
247 1 45 292
320 0 42 278
247 0 45 202
50 1 58 108
277 1 144 421
50 0 58 -8
277 0 144 133
249 1 236 485
129 1 98 227
249 0 236 13
129 0 98 31
300 1 181 481
359 1 65 424
300 0 181 119
359 0 65 294
397 1 0 397
235 1 51 286
397 0 0 397
235 0 51 184
94 1 391 485
52 1 391 443
94 0 391 -297
52 0 391 -339
376 1 392 768
310 1 174 484
376 0 392 -16
310 0 174 136
195 1 152 347
165 1 362 527
195 0 152 43
165 0 362 -197
221 1 303 524
303 1 149 452
221 0 303 -82
303 0 149 154
252 1 190 442
348 1 214 562
252 0 190 62
348 0 214 134
275 1 296 571
249 1 104 353
275 0 296 -21
249 0 104 145
348 1 109 457
286 1 113 399
348 0 109 239
286 0 113 173
154 1 125 279
155 1 379 534
154 0 125 29
155 0 379 -224
335 1 377 712
40 1 143 183
335 0 377 -42
40 0 143 -103
307 1 277 584
136 1 107 243
307 0 277 30
136 0 107 29
111 1 350 461
62 1 213 275
111 0 350 -239
62 0 213 -151
78 1 232 310
243 1 101 344
78 0 232 -154
243 0 101 142
227 1 95 322
22 1 117 139
227 0 95 132
22 0 117 -95
199 1 275 474
164 1 23 187
199 0 275 -76
164 0 23 141
113 1 258 371
372 1 122 494
113 0 258 -145
372 0 122 250
43 1 16 59
19 1 299 318
43 0 16 27
19 0 299 -280
387 1 154 541
360 1 140 500
387 0 154 233
360 0 140 220
359 1 285 644
303 1 364 667
359 0 285 74
303 0 364 -61
21 1 329 350
9 1 305 314
21 0 329 -308
9 0 305 -296
18 1 211 229
215 1 225 440
18 0 211 -193
215 0 225 -10
118 1 315 433
114 1 37 151
118 0 315 -197
114 0 37 77
290 1 316 606
47 1 392 439
290 0 316 -26
47 0 392 -345
285 1 114 399
358 1 142 500
285 0 114 171
358 0 142 216
132 1 327 459
331 1 117 448
132 0 327 -195
331 0 117 214
131 1 211 342
171 1 215 386
131 0 211 -80
171 0 215 -44
311 1 301 612
207 1 52 259
311 0 301 10
207 0 52 155
140 1 153 293
41 1 27 68
140 0 153 -13
41 0 27 14
171 1 206 377
321 1 96 417
171 0 206 -35
321 0 96 225
112 1 108 220
202 1 333 535
112 0 108 4
202 0 333 -131
233 1 36 269
296 1 142 438
233 0 36 197
296 0 142 154
19 1 59 78
127 1 277 404
19 0 59 -40
127 0 277 -150
243 1 327 570
307 1 351 658
243 0 327 -84
307 0 351 -44
100 1 189 289
160 1 252 412
100 0 189 -89
160 0 252 -92
103 1 303 406
87 1 261 348
103 0 303 -200
87 0 261 -174
353 1 96 449
347 1 16 363
353 0 96 257
347 0 16 331
278 1 236 514
280 1 213 493
278 0 236 42
280 0 213 67
173 1 79 252
123 1 344 467
173 0 79 94
123 0 344 -221
273 1 269 542
337 1 31 368
273 0 269 4
337 0 31 306
75 1 100 175
92 1 107 199
75 0 100 -25
92 0 107 -15
174 1 161 335
259 1 143 402
174 0 161 13
259 0 143 116
309 1 7 316
344 1 173 517
309 0 7 302
344 0 173 171
390 1 323 713
186 1 48 234
390 0 323 67
186 0 48 138
94 1 242 336
374 1 39 413
94 0 242 -148
374 0 39 335
204 1 393 597
173 1 3 176
204 0 393 -189
173 0 3 170
295 1 246 541
360 1 137 497
295 0 246 49
360 0 137 223
291 1 333 624
209 1 208 417
291 0 333 -42
209 0 208 1
294 1 335 629
132 1 265 397
294 0 335 -41
132 0 265 -133
399 1 74 473
294 1 363 657
399 0 74 325
294 0 363 -69
134 1 81 215
56 1 111 167
134 0 81 53
56 0 111 -55
206 1 89 295
53 1 90 143
206 0 89 117
53 0 90 -37
282 1 168 450
172 1 282 454
282 0 168 114
172 0 282 -110
259 1 93 352
134 1 358 492
259 0 93 166
134 0 358 -224
295 1 77 372
34 1 140 174
295 0 77 218
34 0 140 -106
158 1 277 435
198 1 378 576
158 0 277 -119
198 0 378 -180
197 1 28 225
186 1 346 532
197 0 28 169
186 0 346 -160
386 1 57 443
187 1 361 548
386 0 57 329
187 0 361 -174
377 1 156 533
378 1 157 535
377 0 156 221
378 0 157 221
162 1 381 543
90 1 314 404
162 0 381 -219
90 0 314 -224
270 1 230 500
227 1 132 359
270 0 230 40
227 0 132 95
200 1 124 324
112 1 368 480
200 0 124 76
112 0 368 -256
73 1 135 208
266 1 175 441
73 0 135 -62
266 0 175 91
248 1 108 356
210 1 321 531
248 0 108 140
210 0 321 -111
33 1 51 84
389 1 83 472
33 0 51 -18
389 0 83 306
319 1 364 683
262 1 283 545
319 0 364 -45
262 0 283 -21
357 1 373 730
187 1 235 422
357 0 373 -16
187 0 235 -48
400 1 137 537
161 1 94 255
400 0 137 263
161 0 94 67
40 1 193 233
179 1 212 391
40 0 193 -153
179 0 212 -33
21 1 265 286
361 1 309 670
21 0 265 -244
361 0 309 52
249 1 269 518
18 1 331 349
249 0 269 -20
18 0 331 -313
289 1 24 313
301 1 299 600
289 0 24 265
301 0 299 2
342 1 144 486
89 1 268 357
342 0 144 198
89 0 268 -179
200 1 32 232
320 1 315 635
200 0 32 168
320 0 315 5
46 1 389 435
16 1 11 27
46 0 389 -343
16 0 11 5
357 1 334 691
280 1 321 601
357 0 334 23
280 0 321 -41
394 1 115 509
58 1 133 191
394 0 115 279
58 0 133 -75
262 1 74 336
29 1 213 242
262 0 74 188
29 0 213 -184
14 1 93 107
284 1 67 351
14 0 93 -79
284 0 67 217
204 1 2 206
386 1 22 408
204 0 2 202
386 0 22 364
168 1 146 314
7 1 321 328
168 0 146 22
7 0 321 -314
174 1 268 442
141 1 223 364
174 0 268 -94
141 0 223 -82
320 1 125 445
283 1 286 569
320 0 125 195
283 0 286 -3
323 1 36 359
380 1 229 609
323 0 36 287
380 0 229 151
39 1 360 399
157 1 53 210
39 0 360 -321
157 0 53 104
175 1 296 471
221 1 142 363
175 0 296 -121
221 0 142 79
26 1 53 79
161 1 238 399
26 0 53 -27
161 0 238 -77
233 1 268 501
270 1 37 307
233 0 268 -35
270 0 37 233
374 1 176 550
132 1 395 527
374 0 176 198
132 0 395 -263
349 1 8 357
225 1 346 571
349 0 8 341
225 0 346 -121
399 1 240 639
313 1 396 709
399 0 240 159
313 0 396 -83
185 1 262 447
240 1 47 287
185 0 262 -77
240 0 47 193
308 1 328 636
321 1 269 590
308 0 328 -20
321 0 269 52
2 1 129 131
350 1 355 705
2 0 129 -127
350 0 355 -5
2 1 24 26
181 1 22 203
2 0 24 -22
181 0 22 159
234 1 329 563
123 1 271 394
234 0 329 -95
123 0 271 -148
112 1 59 171
379 1 24 403
112 0 59 53
379 0 24 355
40 1 336 376
50 1 274 324
40 0 336 -296
50 0 274 -224
133 1 31 164
157 1 388 545
133 0 31 102
157 0 388 -231
327 1 22 349
347 1 263 610
327 0 22 305
347 0 263 84
69 1 127 196
283 1 23 306
69 0 127 -58
283 0 23 260
215 1 18 233
400 1 103 503
215 0 18 197
400 0 103 297
371 1 150 521
107 1 233 340
371 0 150 221
107 0 233 -126
296 1 293 589
92 1 400 492
296 0 293 3
92 0 400 -308
372 1 133 505
67 1 42 109
372 0 133 239
67 0 42 25
15 1 197 212
339 1 181 520
15 0 197 -182
339 0 181 158
34 1 233 267
128 1 104 232
34 0 233 -199
128 0 104 24
219 1 373 592
256 1 368 624
219 0 373 -154
256 0 368 -112
283 1 136 419
215 1 138 353
283 0 136 147
215 0 138 77
51 1 234 285
92 1 118 210
51 0 234 -183
92 0 118 -26
44 1 64 108
333 1 54 387
44 0 64 -20
333 0 54 279
166 1 345 511
63 1 45 108
166 0 345 -179
63 0 45 18
352 1 387 739
102 1 331 433
352 0 387 -35
102 0 331 -229
360 1 209 569
326 1 243 569
360 0 209 151
326 0 243 83
171 1 320 491
220 1 134 354
171 0 320 -149
220 0 134 86
105 1 45 150
137 1 138 275
105 0 45 60
137 0 138 -1
268 1 214 482
378 1 274 652
268 0 214 54
378 0 274 104
219 1 392 611
106 1 389 495
219 0 392 -173
106 0 389 -283
14 1 236 250
147 1 232 379
14 0 236 -222
147 0 232 -85
316 1 130 446
29 1 227 256
316 0 130 186
29 0 227 -198
297 1 64 361
152 1 222 374
297 0 64 233
152 0 222 -70
36 1 173 209
26 1 384 410
36 0 173 -137
26 0 384 -358
179 1 75 254
110 1 321 431
179 0 75 104
110 0 321 -211
108 1 178 286
222 1 365 587
108 0 178 -70
222 0 365 -143
164 1 368 532
399 1 30 429
164 0 368 -204
399 0 30 369
126 1 306 432
354 1 239 593
126 0 306 -180
354 0 239 115
347 1 352 699
312 1 79 391
347 0 352 -5
312 0 79 233
5 1 112 117
5 1 151 156
5 0 112 -107
5 0 151 -146
22 1 124 146
256 1 393 649
22 0 124 -102
256 0 393 -137
111 1 51 162
362 1 165 527
111 0 51 60
362 0 165 197
347 1 213 560
53 1 238 291
347 0 213 134
53 0 238 -185
209 1 91 300
311 1 30 341
209 0 91 118
311 0 30 281
243 1 297 540
1 1 109 110
243 0 297 -54
1 0 109 -108
66 1 247 313
210 1 307 517
66 0 247 -181
210 0 307 -97
237 1 261 498
310 1 24 334
237 0 261 -24
310 0 24 286
333 1 22 355
142 1 27 169
333 0 22 311
142 0 27 115
106 1 331 437
370 1 210 580
106 0 331 -225
370 0 210 160
307 1 174 481
299 1 14 313
307 0 174 133
299 0 14 285
337 1 72 409
58 1 336 394
337 0 72 265
58 0 336 -278
196 1 270 466
311 1 162 473
196 0 270 -74
311 0 162 149
264 1 264 528
174 1 31 205
264 0 264 0
174 0 31 143
271 1 110 381
83 1 87 170
271 0 110 161
83 0 87 -4
232 1 107 339
382 1 210 592
232 0 107 125
382 0 210 172
20 1 170 190
141 1 41 182
20 0 170 -150
141 0 41 100
167 1 41 208
29 1 39 68
167 0 41 126
29 0 39 -10
169 1 346 515
389 1 39 428
169 0 346 -177
389 0 39 350
90 1 133 223
41 1 47 88
90 0 133 -43
41 0 47 -6
93 1 296 389
11 1 267 278
93 0 296 -203
11 0 267 -256
325 1 112 437
259 1 114 373
325 0 112 213
259 0 114 145
387 1 350 737
201 1 81 282
387 0 350 37
201 0 81 120
370 1 123 493
105 1 138 243
370 0 123 247
105 0 138 -33
327 1 138 465
200 1 193 393
327 0 138 189
200 0 193 7
61 1 331 392
52 1 360 412
61 0 331 -270
52 0 360 -308
154 1 19 173
29 1 71 100
154 0 19 135
29 0 71 -42
262 1 110 372
70 1 57 127
262 0 110 152
70 0 57 13
100 1 140 240
161 1 87 248
100 0 140 -40
161 0 87 74
205 1 213 418
227 1 387 614
205 0 213 -8
227 0 387 -160
74 1 18 92
156 1 368 524
74 0 18 56
156 0 368 -212
303 1 8 311
356 1 347 703
303 0 8 295
356 0 347 9
327 1 231 558
11 1 227 238
327 0 231 96
11 0 227 -216
82 1 227 309
102 1 305 407
82 0 227 -145
102 0 305 -203
246 1 110 356
344 1 394 738
246 0 110 136
344 0 394 -50
140 1 48 188
42 1 16 58
140 0 48 92
42 0 16 26
252 1 38 290
392 1 29 421
252 0 38 214
392 0 29 363
55 1 26 81
350 1 35 385
55 0 26 29
350 0 35 315
10 1 128 138
69 1 369 438
10 0 128 -118
69 0 369 -300
290 1 235 525
84 1 65 149
290 0 235 55
84 0 65 19
336 1 217 553
264 1 166 430
336 0 217 119
264 0 166 98
37 1 216 253
270 1 211 481
37 0 216 -179
270 0 211 59
26 1 195 221
100 1 336 436
26 0 195 -169
100 0 336 -236
166 1 212 378
161 1 297 458
166 0 212 -46
161 0 297 -136
330 1 8 338
145 1 396 541
330 0 8 322
145 0 396 -251
130 1 169 299
243 1 378 621
130 0 169 -39
243 0 378 -135
179 1 66 245
274 1 28 302
179 0 66 113
274 0 28 246
161 1 131 292
16 1 195 211
161 0 131 30
16 0 195 -179
317 1 396 713
306 1 129 435
317 0 396 -79
306 0 129 177
115 1 198 313
329 1 184 513
115 0 198 -83
329 0 184 145
179 1 268 447
110 1 370 480
179 0 268 -89
110 0 370 -260
346 1 199 545
45 1 307 352
346 0 199 147
45 0 307 -262
228 1 267 495
216 1 285 501
228 0 267 -39
216 0 285 -69
379 1 198 577
38 1 92 130
379 0 198 181
38 0 92 -54
303 1 148 451
222 1 97 319
303 0 148 155
222 0 97 125
218 1 76 294
31 1 381 412
218 0 76 142
31 0 381 -350
11 1 230 241
120 1 226 346
11 0 230 -219
120 0 226 -106
399 1 316 715
231 1 94 325
399 0 316 83
231 0 94 137
393 1 190 583
295 1 305 600
393 0 190 203
295 0 305 -10
143 1 130 273
184 1 363 547
143 0 130 13
184 0 363 -179
293 1 301 594
287 1 133 420
293 0 301 -8
287 0 133 154
14 1 302 316
16 1 74 90
14 0 302 -288
16 0 74 -58
300 1 50 350
101 1 239 340
300 0 50 250
101 0 239 -138
0 1 173 173
245 1 48 293
0 0 173 -173
245 0 48 197
56 1 62 118
340 1 316 656
56 0 62 -6
340 0 316 24
121 1 21 142
234 1 293 527
121 0 21 100
234 0 293 -59
19 1 231 250
365 1 45 410
19 0 231 -212
365 0 45 320
175 1 130 305
96 1 304 400
175 0 130 45
96 0 304 -208
378 1 214 592
270 1 97 367
378 0 214 164
270 0 97 173
305 1 287 592
200 1 144 344
305 0 287 18
200 0 144 56
294 1 218 512
212 1 112 324
294 0 218 76
212 0 112 100
86 1 350 436
347 1 118 465
86 0 350 -264
347 0 118 229
400 1 67 467
332 1 312 644
400 0 67 333
332 0 312 20
350 1 40 390
113 1 160 273
350 0 40 310
113 0 160 -47
223 1 216 439
185 1 357 542
223 0 216 7
185 0 357 -172
195 1 60 255
241 1 313 554
195 0 60 135
241 0 313 -72
350 1 101 451
29 1 251 280
350 0 101 249
29 0 251 -222
63 1 121 184
390 1 173 563
63 0 121 -58
390 0 173 217
241 1 399 640
269 1 365 634
241 0 399 -158
269 0 365 -96
127 1 265 392
66 1 316 382
127 0 265 -138
66 0 316 -250
79 1 354 433
202 1 173 375
79 0 354 -275
202 0 173 29
314 1 44 358
36 1 332 368
314 0 44 270
36 0 332 -296
85 1 298 383
110 1 305 415
85 0 298 -213
110 0 305 -195
311 1 315 626
111 1 392 503
311 0 315 -4
111 0 392 -281
385 1 371 756
135 1 278 413
385 0 371 14
135 0 278 -143
8 1 133 141
11 1 396 407
8 0 133 -125
11 0 396 -385
144 1 230 374
119 1 183 302
144 0 230 -86
119 0 183 -64
188 1 168 356
79 1 397 476
188 0 168 20
79 0 397 -318
234 1 313 547
190 1 110 300
234 0 313 -79
190 0 110 80
220 1 361 581
298 1 363 661
220 0 361 -141
298 0 363 -65
55 1 362 417
316 1 112 428
55 0 362 -307
316 0 112 204
369 1 273 642
194 1 218 412
369 0 273 96
194 0 218 -24
58 1 55 113
184 1 393 577
58 0 55 3
184 0 393 -209
33 1 398 431
281 1 206 487
33 0 398 -365
281 0 206 75
142 1 180 322
102 1 276 378
142 0 180 -38
102 0 276 -174
215 1 74 289
82 1 164 246
215 0 74 141
82 0 164 -82
156 1 290 446
273 1 257 530
156 0 290 -134
273 0 257 16
73 1 204 277
96 1 346 442
73 0 204 -131
96 0 346 -250
213 1 248 461
306 1 329 635
213 0 248 -35
306 0 329 -23
223 1 108 331
152 1 365 517
223 0 108 115
152 0 365 -213
199 1 46 245
400 1 176 576
199 0 46 153
400 0 176 224
305 1 2 307
68 1 49 117
305 0 2 303
68 0 49 19
156 1 175 331
38 1 258 296
156 0 175 -19
38 0 258 -220
176 1 76 252
159 1 290 449
176 0 76 100
159 0 290 -131
233 1 200 433
251 1 169 420
233 0 200 33
251 0 169 82
367 1 6 373
76 1 114 190
367 0 6 361
76 0 114 -38
135 1 106 241
292 1 334 626
135 0 106 29
292 0 334 -42
97 1 18 115
383 1 253 636
97 0 18 79
383 0 253 130
113 1 390 503
48 1 140 188
113 0 390 -277
48 0 140 -92
377 1 350 727
71 1 63 134
377 0 350 27
71 0 63 8
281 1 48 329
25 1 41 66
281 0 48 233
25 0 41 -16
145 1 246 391
104 1 235 339
145 0 246 -101
104 0 235 -131
46 1 352 398
292 1 117 409
46 0 352 -306
292 0 117 175
75 1 40 115
124 1 181 305
75 0 40 35
124 0 181 -57
77 1 37 114
115 1 176 291
77 0 37 40
115 0 176 -61
270 1 318 588
330 1 324 654
270 0 318 -48
330 0 324 6
192 1 322 514
78 1 343 421
192 0 322 -130
78 0 343 -265
28 1 225 253
117 1 152 269
28 0 225 -197
117 0 152 -35
172 1 120 292
80 1 88 168
172 0 120 52
80 0 88 -8
7 1 297 304
195 1 128 323
7 0 297 -290
195 0 128 67
0 1 295 295
263 1 368 631
0 0 295 -295
263 0 368 -105
87 1 196 283
123 1 322 445
87 0 196 -109
123 0 322 -199
363 1 223 586
106 1 291 397
363 0 223 140
106 0 291 -185
79 1 114 193
307 1 144 451
79 0 114 -35
307 0 144 163
217 1 3 220
273 1 85 358
217 0 3 214
273 0 85 188
71 1 299 370
367 1 45 412
71 0 299 -228
367 0 45 322
208 1 87 295
342 1 345 687
208 0 87 121
342 0 345 -3
333 1 210 543
94 1 212 306
333 0 210 123
94 0 212 -118
319 1 303 622
322 1 330 652
319 0 303 16
322 0 330 -8
284 1 188 472
106 1 4 110
284 0 188 96
106 0 4 102
170 1 97 267
88 1 12 100
170 0 97 73
88 0 12 76
150 1 379 529
212 1 323 535
150 0 379 -229
212 0 323 -111
149 1 226 375
323 1 369 692
149 0 226 -77
323 0 369 -46
73 1 4 77
184 1 279 463
73 0 4 69
184 0 279 -95
73 1 4 77
189 1 279 468
73 0 4 69
189 0 279 -90
269 1 199 468
192 1 106 298
269 0 199 70
192 0 106 86
244 1 387 631
150 1 100 250
244 0 387 -143
150 0 100 50
110 1 124 234
326 1 80 406
110 0 124 -14
326 0 80 246
374 1 324 698
133 1 57 190
374 0 324 50
133 0 57 76
192 1 209 401
332 1 373 705
192 0 209 -17
332 0 373 -41
12 1 367 379
58 1 340 398
12 0 367 -355
58 0 340 -282
278 1 203 481
378 1 377 755
278 0 203 75
378 0 377 1
22 1 128 150
283 1 294 577
22 0 128 -106
283 0 294 -11
280 1 115 395
207 1 254 461
280 0 115 165
207 0 254 -47
209 1 372 581
288 1 374 662
209 0 372 -163
288 0 374 -86
319 1 324 643
271 1 322 593
319 0 324 -5
271 0 322 -51
7 1 357 364
34 1 50 84
7 0 357 -350
34 0 50 -16
221 1 43 264
126 1 353 479
221 0 43 178
126 0 353 -227
103 1 343 446
386 1 311 697
103 0 343 -240
386 0 311 75
300 1 141 441
208 1 166 374
300 0 141 159
208 0 166 42
375 1 233 608
368 1 366 734
375 0 233 142
368 0 366 2
183 1 327 510
246 1 333 579
183 0 327 -144
246 0 333 -87
52 1 168 220
247 1 257 504
52 0 168 -116
247 0 257 -10
199 1 156 355
82 1 302 384
199 0 156 43
82 0 302 -220
346 1 244 590
394 1 54 448
346 0 244 102
394 0 54 340
358 1 64 422
227 1 111 338
358 0 64 294
227 0 111 116
328 1 398 726
170 1 316 486
328 0 398 -70
170 0 316 -146
129 1 394 523
202 1 283 485
129 0 394 -265
202 0 283 -81
16 1 198 214
289 1 245 534
16 0 198 -182
289 0 245 44
382 1 294 676
59 1 263 322
382 0 294 88
59 0 263 -204
309 1 254 563
362 1 258 620
309 0 254 55
362 0 258 104
388 1 57 445
166 1 397 563
388 0 57 331
166 0 397 -231
339 1 256 595
292 1 273 565
339 0 256 83
292 0 273 19
146 1 42 188
379 1 154 533
146 0 42 104
379 0 154 225
184 1 386 570
16 1 14 30
184 0 386 -202
16 0 14 2
135 1 80 215
310 1 153 463
135 0 80 55
310 0 153 157
304 1 93 397
120 1 310 430
304 0 93 211
120 0 310 -190
151 1 149 300
31 1 86 117
151 0 149 2
31 0 86 -55
23 1 251 274
71 1 364 435
23 0 251 -228
71 0 364 -293
165 1 109 274
304 1 275 579
165 0 109 56
304 0 275 29
57 1 139 196
21 1 196 217
57 0 139 -82
21 0 196 -175
234 1 36 270
251 1 120 371
234 0 36 198
251 0 120 131
44 1 171 215
237 1 151 388
44 0 171 -127
237 0 151 86
193 1 364 557
201 1 40 241
193 0 364 -171
201 0 40 161
29 1 359 388
137 1 290 427
29 0 359 -330
137 0 290 -153
191 1 338 529
22 1 152 174
191 0 338 -147
22 0 152 -130
81 1 32 113
15 1 335 350
81 0 32 49
15 0 335 -320
227 1 100 327
265 1 182 447
227 0 100 127
265 0 182 83
145 1 118 263
173 1 284 457
145 0 118 27
173 0 284 -111
63 1 131 194
322 1 40 362
63 0 131 -68
322 0 40 282
365 1 83 448
255 1 118 373
365 0 83 282
255 0 118 137
335 1 215 550
81 1 397 478
335 0 215 120
81 0 397 -316
174 1 170 344
393 1 48 441
174 0 170 4
393 0 48 345
76 1 368 444
83 1 342 425
76 0 368 -292
83 0 342 -259
366 1 1 367
222 1 322 544
366 0 1 365
222 0 322 -100
127 1 34 161
257 1 130 387
127 0 34 93
257 0 130 127
107 1 174 281
253 1 228 481
107 0 174 -67
253 0 228 25
34 1 166 200
400 1 351 751
34 0 166 -132
400 0 351 49
200 1 249 449
379 1 6 385
200 0 249 -49
379 0 6 373
6 1 157 163
135 1 179 314
6 0 157 -151
135 0 179 -44
51 1 16 67
354 1 299 653
51 0 16 35
354 0 299 55
299 1 130 429
154 1 365 519
299 0 130 169
154 0 365 -211
250 1 157 407
309 1 116 425
250 0 157 93
309 0 116 193
35 1 309 344
365 1 161 526
35 0 309 -274
365 0 161 204
329 1 281 610
215 1 254 469
329 0 281 48
215 0 254 -39
85 1 261 346
50 1 239 289
85 0 261 -176
50 0 239 -189
380 1 76 456
223 1 141 364
380 0 76 304
223 0 141 82
322 1 13 335
293 1 327 620
322 0 13 309
293 0 327 -34
273 1 379 652
48 1 354 402
273 0 379 -106
48 0 354 -306
143 1 128 271
77 1 182 259
143 0 128 15
77 0 182 -105
188 1 40 228
269 1 302 571
188 0 40 148
269 0 302 -33
119 1 322 441
392 1 27 419
119 0 322 -203
392 0 27 365
128 1 217 345
152 1 347 499
128 0 217 -89
152 0 347 -195
263 1 71 334
79 1 368 447
263 0 71 192
79 0 368 -289
219 1 107 326
172 1 294 466
219 0 107 112
172 0 294 -122
384 1 223 607
313 1 352 665
384 0 223 161
313 0 352 -39
400 1 85 485
241 1 277 518
400 0 85 315
241 0 277 -36
377 1 320 697
177 1 373 550
377 0 320 57
177 0 373 -196
151 1 17 168
129 1 360 489
151 0 17 134
129 0 360 -231
196 1 159 355
102 1 379 481
196 0 159 37
102 0 379 -277
95 1 136 231
99 1 63 162
95 0 136 -41
99 0 63 36
50 1 47 97
381 1 64 445
50 0 47 3
381 0 64 317
319 1 86 405
157 1 238 395
319 0 86 233
157 0 238 -81
274 1 385 659
88 1 46 134
274 0 385 -111
88 0 46 42
82 1 56 138
187 1 349 536
82 0 56 26
187 0 349 -162
154 1 320 474
384 1 397 781
154 0 320 -166
384 0 397 -13
223 1 145 368
358 1 104 462
223 0 145 78
358 0 104 254
98 1 35 133
225 1 207 432
98 0 35 63
225 0 207 18
239 1 178 417
239 1 274 513
239 0 178 61
239 0 274 -35
147 1 349 496
5 1 120 125
147 0 349 -202
5 0 120 -115
63 1 262 325
111 1 152 263
63 0 262 -199
111 0 152 -41
394 1 67 461
151 1 155 306
394 0 67 327
151 0 155 -4
217 1 164 381
11 1 248 259
217 0 164 53
11 0 248 -237
263 1 375 638
385 1 389 774
263 0 375 -112
385 0 389 -4
55 1 66 121
18 1 241 259
55 0 66 -11
18 0 241 -223
16 1 219 235
279 1 123 402
16 0 219 -203
279 0 123 156
236 1 203 439
260 1 39 299
236 0 203 33
260 0 39 221
69 1 151 220
67 1 362 429
69 0 151 -82
67 0 362 -295
173 1 285 458
98 1 248 346
173 0 285 -112
98 0 248 -150
240 1 343 583
26 1 115 141
240 0 343 -103
26 0 115 -89
95 1 78 173
218 1 309 527
95 0 78 17
218 0 309 -91
361 1 381 742
134 1 236 370
361 0 381 -20
134 0 236 -102
11 1 67 78
104 1 264 368
11 0 67 -56
104 0 264 -160
97 1 273 370
307 1 90 397
97 0 273 -176
307 0 90 217
132 1 350 482
170 1 215 385
132 0 350 -218
170 0 215 -45
175 1 348 523
308 1 120 428
175 0 348 -173
308 0 120 188
110 1 331 441
264 1 346 610
110 0 331 -221
264 0 346 -82
138 1 245 383
374 1 104 478
138 0 245 -107
374 0 104 270
177 1 338 515
103 1 115 218
177 0 338 -161
103 0 115 -12
324 1 84 408
105 1 336 441
324 0 84 240
105 0 336 -231
313 1 34 347
65 1 122 187
313 0 34 279
65 0 122 -57
4 1 169 173
134 1 229 363
4 0 169 -165
134 0 229 -95
181 1 359 540
324 1 73 397
181 0 359 -178
324 0 73 251
151 1 155 306
165 1 343 508
151 0 155 -4
165 0 343 -178
368 1 188 556
382 1 146 528
368 0 188 180
382 0 146 236
394 1 81 475
273 1 223 496
394 0 81 313
273 0 223 50
181 1 377 558
107 1 394 501
181 0 377 -196
107 0 394 -287
232 1 307 539
3 1 117 120
232 0 307 -75
3 0 117 -114
73 1 30 103
277 1 351 628
73 0 30 43
277 0 351 -74
369 1 342 711
287 1 24 311
369 0 342 27
287 0 24 263
298 1 15 313
18 1 115 133
298 0 15 283
18 0 115 -97
346 1 241 587
189 1 306 495
346 0 241 105
189 0 306 -117
27 1 183 210
285 1 373 658
27 0 183 -156
285 0 373 -88
174 1 269 443
2 1 173 175
174 0 269 -95
2 0 173 -171
27 1 135 162
218 1 199 417
27 0 135 -108
218 0 199 19
269 1 324 593
218 1 46 264
269 0 324 -55
218 0 46 172
168 1 45 213
253 1 218 471
168 0 45 123
253 0 218 35
199 1 376 575
243 1 32 275
199 0 376 -177
243 0 32 211
400 1 153 553
313 1 174 487
400 0 153 247
313 0 174 139
350 1 190 540
235 1 94 329
350 0 190 160
235 0 94 141
81 1 82 163
42 1 397 439
81 0 82 -1
42 0 397 -355
140 1 230 370
58 1 345 403
140 0 230 -90
58 0 345 -287
163 1 180 343
268 1 4 272
163 0 180 -17
268 0 4 264
47 1 255 302
161 1 61 222
47 0 255 -208
161 0 61 100
281 1 172 453
328 1 278 606
281 0 172 109
328 0 278 50
191 1 55 246
32 1 370 402
191 0 55 136
32 0 370 -338
34 1 250 284
226 1 179 405
34 0 250 -216
226 0 179 47
80 1 49 129
71 1 369 440
80 0 49 31
71 0 369 -298
36 1 208 244
225 1 331 556
36 0 208 -172
225 0 331 -106
145 1 354 499
258 1 191 449
145 0 354 -209
258 0 191 67
82 1 46 128
224 1 253 477
82 0 46 36
224 0 253 -29
181 1 47 228
16 1 69 85
181 0 47 134
16 0 69 -53
390 1 9 399
253 1 378 631
390 0 9 381
253 0 378 -125
227 1 362 589
251 1 260 511
227 0 362 -135
251 0 260 -9
221 1 295 516
276 1 46 322
221 0 295 -74
276 0 46 230
319 1 157 476
178 1 84 262
319 0 157 162
178 0 84 94
66 1 357 423
3 1 19 22
66 0 357 -291
3 0 19 -16
172 1 365 537
396 1 162 558
172 0 365 -193
396 0 162 234
346 1 381 727
330 1 214 544
346 0 381 -35
330 0 214 116
330 1 259 589
248 1 251 499
330 0 259 71
248 0 251 -3
170 1 319 489
158 1 70 228
170 0 319 -149
158 0 70 88
41 1 288 329
376 1 105 481
41 0 288 -247
376 0 105 271
63 1 15 78
149 1 15 164
63 0 15 48
149 0 15 134
93 1 67 160
30 1 98 128
93 0 67 26
30 0 98 -68
104 1 36 140
87 1 170 257
104 0 36 68
87 0 170 -83
105 1 154 259
32 1 49 81
105 0 154 -49
32 0 49 -17
110 1 78 188
253 1 198 451
110 0 78 32
253 0 198 55
141 1 158 299
174 1 191 365
141 0 158 -17
174 0 191 -17
347 1 263 610
374 1 107 481
347 0 263 84
374 0 107 267
370 1 186 556
215 1 226 441
370 0 186 184
215 0 226 -11
145 1 82 227
45 1 3 48
145 0 82 63
45 0 3 42
94 1 48 142
336 1 273 609
94 0 48 46
336 0 273 63
25 1 40 65
218 1 373 591
25 0 40 -15
218 0 373 -155
223 1 288 511
253 1 341 594
223 0 288 -65
253 0 341 -88
218 1 384 602
101 1 387 488
218 0 384 -166
101 0 387 -286
245 1 110 355
298 1 386 684
245 0 110 135
298 0 386 -88
11 1 368 379
381 1 63 444
11 0 368 -357
381 0 63 318
96 1 134 230
264 1 121 385
96 0 134 -38
264 0 121 143
239 1 80 319
231 1 178 409
239 0 80 159
231 0 178 53
59 1 116 175
40 1 203 243
59 0 116 -57
40 0 203 -163
82 1 360 442
335 1 203 538
82 0 360 -278
335 0 203 132
67 1 321 388
337 1 265 602
67 0 321 -254
337 0 265 72
118 1 216 334
225 1 238 463
118 0 216 -98
225 0 238 -13
219 1 277 496
127 1 147 274
219 0 277 -58
127 0 147 -20
282 1 323 605
168 1 31 199
282 0 323 -41
168 0 31 137
57 1 317 374
25 1 139 164
57 0 317 -260
25 0 139 -114
30 1 284 314
141 1 33 174
30 0 284 -254
141 0 33 108
197 1 55 252
251 1 20 271
197 0 55 142
251 0 20 231
286 1 2 288
202 1 346 548
286 0 2 284
202 0 346 -144
22 1 92 114
204 1 312 516
22 0 92 -70
204 0 312 -108
154 1 151 305
188 1 51 239
154 0 151 3
188 0 51 137
91 1 394 485
194 1 240 434
91 0 394 -303
194 0 240 -46
6 1 287 293
218 1 86 304
6 0 287 -281
218 0 86 132
379 1 389 768
397 1 388 785
379 0 389 -10
397 0 388 9
74 1 285 359
109 1 282 391
74 0 285 -211
109 0 282 -173
233 1 220 453
180 1 53 233
233 0 220 13
180 0 53 127
289 1 77 366
277 1 359 636
289 0 77 212
277 0 359 -82
148 1 122 270
92 1 367 459
148 0 122 26
92 0 367 -275
397 1 304 701
95 1 387 482
397 0 304 93
95 0 387 -292
279 1 206 485
35 1 160 195
279 0 206 73
35 0 160 -125
190 1 398 588
134 1 54 188
190 0 398 -208
134 0 54 80
226 1 376 602
226 1 29 255
226 0 376 -150
226 0 29 197
100 1 100 200
339 1 69 408
100 0 100 0
339 0 69 270
66 1 97 163
242 1 254 496
66 0 97 -31
242 0 254 -12
230 1 90 320
69 1 39 108
230 0 90 140
69 0 39 30
109 1 374 483
344 1 325 669
109 0 374 -265
344 0 325 19
171 1 31 202
380 1 91 471
171 0 31 140
380 0 91 289
122 1 160 282
41 1 114 155
122 0 160 -38
41 0 114 -73
9 1 326 335
17 1 166 183
9 0 326 -317
17 0 166 -149
196 1 225 421
71 1 305 376
196 0 225 -29
71 0 305 -234
146 1 363 509
266 1 144 410
146 0 363 -217
266 0 144 122
320 1 295 615
242 1 209 451
320 0 295 25
242 0 209 33
79 1 228 307
201 1 297 498
79 0 228 -149
201 0 297 -96
117 1 66 183
116 1 164 280
117 0 66 51
116 0 164 -48
327 1 106 433
26 1 242 268
327 0 106 221
26 0 242 -216
84 1 338 422
182 1 367 549
84 0 338 -254
182 0 367 -185
375 1 251 626
216 1 65 281
375 0 251 124
216 0 65 151
8 1 72 80
200 1 214 414
8 0 72 -64
200 0 214 -14
273 1 164 437
171 1 388 559
273 0 164 109
171 0 388 -217
116 1 9 125
343 1 340 683
116 0 9 107
343 0 340 3
69 1 197 266
119 1 102 221
69 0 197 -128
119 0 102 17
290 1 245 535
351 1 396 747
290 0 245 45
351 0 396 -45
57 1 280 337
61 1 396 457
57 0 280 -223
61 0 396 -335
89 1 108 197
246 1 97 343
89 0 108 -19
246 0 97 149
190 1 126 316
386 1 40 426
190 0 126 64
386 0 40 346
341 1 144 485
252 1 8 260
341 0 144 197
252 0 8 244
389 1 233 622
240 1 6 246
389 0 233 156
240 0 6 234
384 1 67 451
278 1 37 315
384 0 67 317
278 0 37 241
182 1 34 216
215 1 197 412
182 0 34 148
215 0 197 18
90 1 188 278
31 1 79 110
90 0 188 -98
31 0 79 -48
333 1 119 452
23 1 280 303
333 0 119 214
23 0 280 -257
44 1 58 102
134 1 102 236
44 0 58 -14
134 0 102 32
265 1 344 609
31 1 272 303
265 0 344 -79
31 0 272 -241
229 1 306 535
201 1 310 511
229 0 306 -77
201 0 310 -109
37 1 174 211
16 1 209 225
37 0 174 -137
16 0 209 -193
251 1 362 613
164 1 199 363
251 0 362 -111
164 0 199 -35
32 1 2 34
40 1 373 413
32 0 2 30
40 0 373 -333
26 1 364 390
114 1 330 444
26 0 364 -338
114 0 330 -216
228 1 81 309
400 1 330 730
228 0 81 147
400 0 330 70
150 1 100 250
339 1 95 434
150 0 100 50
339 0 95 244
183 1 232 415
64 1 262 326
183 0 232 -49
64 0 262 -198
81 1 151 232
280 1 146 426
81 0 151 -70
280 0 146 134
370 1 355 725
365 1 164 529
370 0 355 15
365 0 164 201
3 1 3 6
37 1 313 350
3 0 3 0
37 0 313 -276
208 1 260 468
88 1 56 144
208 0 260 -52
88 0 56 32
368 1 359 727
59 1 197 256
368 0 359 9
59 0 197 -138
229 1 308 537
98 1 181 279
229 0 308 -79
98 0 181 -83
79 1 215 294
262 1 50 312
79 0 215 -136
262 0 50 212
54 1 237 291
332 1 300 632
54 0 237 -183
332 0 300 32
123 1 60 183
57 1 73 130
123 0 60 63
57 0 73 -16
383 1 277 660
38 1 396 434
383 0 277 106
38 0 396 -358
245 1 279 524
346 1 55 401
245 0 279 -34
346 0 55 291
127 1 337 464
92 1 227 319
127 0 337 -210
92 0 227 -135
213 1 235 448
99 1 12 111
213 0 235 -22
99 0 12 87
75 1 105 180
332 1 328 660
75 0 105 -30
332 0 328 4
394 1 266 660
182 1 21 203
394 0 266 128
182 0 21 161
349 1 129 478
185 1 360 545
349 0 129 220
185 0 360 -175
96 1 257 353
107 1 82 189
96 0 257 -161
107 0 82 25
106 1 67 173
136 1 221 357
106 0 67 39
136 0 221 -85
243 1 62 305
39 1 350 389
243 0 62 181
39 0 350 -311
29 1 206 235
341 1 181 522
29 0 206 -177
341 0 181 160
78 1 44 122
41 1 379 420
78 0 44 34
41 0 379 -338
223 1 362 585
119 1 273 392
223 0 362 -139
119 0 273 -154
280 1 257 537
299 1 265 564
280 0 257 23
299 0 265 34
342 1 364 706
53 1 58 111
342 0 364 -22
53 0 58 -5
361 1 301 662
328 1 87 415
361 0 301 60
328 0 87 241
232 1 220 452
296 1 26 322
232 0 220 12
296 0 26 270
374 1 48 422
76 1 135 211
374 0 48 326
76 0 135 -59
132 1 102 234
173 1 33 206
132 0 102 30
173 0 33 140
4 1 359 363
138 1 352 490
4 0 359 -355
138 0 352 -214
341 1 256 597
121 1 400 521
341 0 256 85
121 0 400 -279
311 1 39 350
260 1 201 461
311 0 39 272
260 0 201 59
66 1 109 175
180 1 82 262
66 0 109 -43
180 0 82 98
168 1 126 294
0 1 60 60
168 0 126 42
0 0 60 -60
248 1 5 253
180 1 305 485
248 0 5 243
180 0 305 -125
